"[-0.09219878  0.07337445  0.05983553 -0.06229129 -0.12100583  0.03434652
 -0.05028985 -0.08119711  0.13344212 -0.07579107  0.20378773 -0.02353855
 -0.21263513  0.01676708 -0.04538993  0.15568089 -0.10817382 -0.09371481
 -0.18508548 -0.07676998 -0.10258909 -0.00137034  0.02530896  0.10450925
 -0.06546392 -0.27306455 -0.11412837 -0.14808165  0.01272013 -0.07116836
  0.00414969 -0.00173633 -0.1104698  -0.04753872  0.08941282  0.05121387
 -0.15915754 -0.04242091  0.32900634 -0.06372489 -0.12286121  0.09885408
  0.04800875  0.26206565  0.20527497  0.08545897  0.03009681 -0.06857843
  0.21560933 -0.27378958  0.13061281  0.15559869  0.11704043  0.11030966
  0.07519964 -0.17313993  0.04767189  0.21346305 -0.15528117  0.15468714
  0.04353798 -0.18266219 -0.03468977 -0.03663402  0.22900991  0.14307657
 -0.1382668  -0.15603387  0.1988827  -0.16839632  0.02414155  0.0829627
 -0.13962816 -0.17567939 -0.22587408  0.0898267   0.41834724  0.17159596
 -0.18912137 -0.04413335 -0.0199679  -0.02148063 -0.00144495  0.10426079
 -0.12379702 -0.15261531 -0.0514513  -0.02197873  0.22210871 -0.0217893
  0.00409996  0.25934598  0.03558734  0.03316309  0.02265238 -0.01138936
 -0.09965581 -0.08432098 -0.09951383  0.05910873 -0.02217808 -0.08990781
  0.02446484  0.04604649 -0.15990689  0.18631172 -0.09841985  0.01410536
 -0.05895549  0.02653826 -0.10798109 -0.01703909  0.2621645  -0.21822833
  0.23708637  0.14619131  0.07289114  0.11698484  0.09763198  0.09193695
  0.01645445  0.01867156 -0.18192635 -0.06937774  0.07967802 -0.0462707
  0.06976399  0.06570259]"
